SERIAL cube  --> N = 2^20 ........2^25

median_hash =

    0.0083    0.0164    0.0359    0.0663    0.1310    0.2927


median_morton =

    0.0083    0.0166    0.0349    0.0665    0.1357    0.2707


median_sort =

    0.0295    0.0650    0.1521    0.3018    0.6647    1.4430


median_dataR =

    0.0178    0.0348    0.0716    0.1504    0.3084    0.6085


median_total =

    0.0639    0.1329    0.2944    0.5851    1.2398    2.6149


