Serial for plummet --> N = 2^20 ..... 2^25


median_hash =

    0.0084    0.0166    0.0334    0.0661    0.1328    0.2603


median_morton =

    0.0083    0.0169    0.0337    0.0658    0.1313    0.2612


median_sort =

    0.0301    0.0652    0.1451    0.3008    0.6734    1.3926


median_dataR =

    0.0168    0.0350    0.0724    0.1529    0.3075    0.6089


median_total =

    0.0637    0.1337    0.2845    0.5856    1.2451    2.5231
